{
  "advancedEditorSelectedIdentifier" : "ProjectBrowser",
  "openSceneRelativePaths" : [
    "ImmersiveScene.usda"
  ],
  "recentIdentifiers" : {
    "81027D9D-5643-40F5-A65A-C98FFDD144FC" : [

    ]
  },
  "sceneCameraHistory" : {
    "90C576A0-F90A-43B8-9998-14918A66F863" : [
      {
        "date" : 728600005.968637,
        "title" : "Untitled",
        "transform" : [
          0.9668329,
          1.0720584e-09,
          -0.25540987,
          0,
          -0.07104975,
          0.9605292,
          -0.2689529,
          0,
          0.24532863,
          0.2781793,
          0.9286712,
          0,
          0.07106773,
          0.07971856,
          0.32736552,
          1
        ]
      },
      {
        "date" : 728599050.730121,
        "title" : "Untitled",
        "transform" : [
          0.9668328,
          7.6045154e-10,
          -0.2554099,
          0,
          -0.07104975,
          0.9605291,
          -0.2689529,
          0,
          0.24532863,
          0.27817932,
          0.9286711,
          0,
          0.10591626,
          0.312627,
          0.7948758,
          1
        ]
      },
      {
        "date" : 728599045.162127,
        "title" : "Untitled",
        "transform" : [
          0.99999994,
          0,
          0,
          0,
          0,
          0.8660254,
          -0.49999994,
          0,
          0,
          0.49999994,
          0.8660254,
          0,
          0.04552141,
          0.4903304,
          0.6997066,
          1
        ]
      },
      {
        "date" : 728599020.870857,
        "title" : "Untitled",
        "transform" : [
          0.99999994,
          0,
          -0,
          0,
          -0,
          0.8660254,
          -0.49999994,
          0,
          0,
          0.49999994,
          0.8660254,
          0,
          0,
          0.4255644,
          0.73709923,
          1
        ]
      }
    ],
    "123A6B4F-04A3-4C9F-AF66-48E2AD538CA9" : [
      {
        "date" : 728599894.273353,
        "title" : "Untitled",
        "transform" : [
          0.9666072,
          -1.8478842e-08,
          0.25626248,
          0,
          0.12881097,
          0.8644886,
          -0.48586744,
          0,
          -0.22153598,
          0.5026524,
          0.83562094,
          0,
          -0.05600229,
          0.21692657,
          0.34719813,
          1
        ]
      },
      {
        "date" : 728599890.390179,
        "title" : "Untitled",
        "transform" : [
          0.9666072,
          -1.8478842e-08,
          0.25626248,
          0,
          0.12881097,
          0.8644886,
          -0.48586744,
          0,
          -0.22153598,
          0.5026524,
          0.83562094,
          0,
          -0.071744874,
          0.3652122,
          0.25382608,
          1
        ]
      },
      {
        "date" : 728599883.074265,
        "title" : "Untitled",
        "transform" : [
          0.9666072,
          -2.3756025e-08,
          0.2562625,
          0,
          0.12872194,
          0.86469054,
          -0.48553157,
          0,
          -0.22158779,
          0.502305,
          0.83581614,
          0,
          -0.080433965,
          0.21059267,
          0.35123396,
          1
        ]
      },
      {
        "date" : 728599881.189777,
        "title" : "Untitled",
        "transform" : [
          0.9666073,
          -3.962866e-09,
          0.25626257,
          0,
          0.09904607,
          0.9222885,
          -0.37359592,
          0,
          -0.23634791,
          0.38650224,
          0.8914907,
          0,
          1.5228119,
          1.4079257,
          2.216211,
          1
        ]
      },
      {
        "date" : 728599874.173388,
        "title" : "Untitled",
        "transform" : [
          0.893952,
          -7.238442e-09,
          0.4481627,
          0,
          0.000351519,
          0.99999964,
          -0.0007011815,
          0,
          -0.44816247,
          0.0007843293,
          0.8939517,
          0,
          1.6603581,
          0.014125586,
          3.2462738,
          1
        ]
      },
      {
        "date" : 728599870.223357,
        "title" : "Untitled",
        "transform" : [
          0.893952,
          -7.238442e-09,
          0.4481627,
          0,
          0.000351519,
          0.99999964,
          -0.0007011815,
          0,
          -0.44816247,
          0.0007843293,
          0.8939517,
          0,
          1.1630961,
          -0.23685467,
          2.9972024,
          1
        ]
      },
      {
        "date" : 728599805.424061,
        "title" : "Untitled",
        "transform" : [
          0.97533035,
          1.2974396e-09,
          0.22075048,
          0,
          0.10658044,
          0.8757254,
          -0.4708988,
          0,
          -0.19331683,
          0.4828095,
          0.85412157,
          0,
          2.4956567,
          0.46776867,
          0.8407808,
          1
        ]
      },
      {
        "date" : 728599800.272887,
        "title" : "Untitled",
        "transform" : [
          0.97533035,
          1.2974396e-09,
          0.22075048,
          0,
          0.10658044,
          0.8757254,
          -0.4708988,
          0,
          -0.19331683,
          0.4828095,
          0.85412157,
          0,
          0.28710863,
          5.260565,
          -2.3683157,
          1
        ]
      },
      {
        "date" : 728599633.988718,
        "title" : "Untitled",
        "transform" : [
          0.9753305,
          1.2974397e-09,
          0.22075051,
          0,
          0.10658044,
          0.8757254,
          -0.4708988,
          0,
          -0.19331683,
          0.4828095,
          0.85412157,
          0,
          0.0141061125,
          0.3160731,
          0.3648685,
          1
        ]
      },
      {
        "date" : 728599425.048839,
        "title" : "Untitled",
        "transform" : [
          0.9787733,
          -6.0198135e-10,
          0.20494549,
          0,
          0.048641622,
          0.9714267,
          -0.23230138,
          0,
          -0.19908954,
          0.23733926,
          0.9508066,
          0,
          -0.0923245,
          0.11006222,
          0.44092095,
          1
        ]
      }
    ],
    "81027D9D-5643-40F5-A65A-C98FFDD144FC" : [
      {
        "date" : 728600299.061504,
        "title" : "Untitled",
        "transform" : [
          0.9695041,
          -2.0218576e-09,
          -0.24507485,
          0,
          -0.087009296,
          0.9348544,
          -0.34420452,
          0,
          0.2291093,
          0.3550315,
          0.9063452,
          0,
          0.78693676,
          2.637642,
          0.4839602,
          1
        ]
      },
      {
        "date" : 728600295.865095,
        "title" : "Untitled",
        "transform" : [
          0.963075,
          -1.680678e-08,
          -0.26923335,
          0,
          -0.095586285,
          0.9348543,
          -0.3419219,
          0,
          0.25169396,
          0.35503146,
          0.9003348,
          0,
          0.9547256,
          2.637642,
          0.43930796,
          1
        ]
      },
      {
        "date" : 728600270.326641,
        "title" : "Untitled",
        "transform" : [
          0.963075,
          -2.0389853e-08,
          -0.26923338,
          0,
          -0.09558631,
          0.93485427,
          -0.34192193,
          0,
          0.251694,
          0.3550315,
          0.9003348,
          0,
          0.72787565,
          2.1211567,
          -0.18468973,
          1
        ]
      },
      {
        "date" : 728600264.343678,
        "title" : "Untitled",
        "transform" : [
          0.8728702,
          1.4839328e-05,
          0.48795238,
          0,
          0.0890496,
          0.9832017,
          -0.15932585,
          0,
          -0.4797579,
          0.18252276,
          0.85820615,
          0,
          -0.33477974,
          1.8367023,
          -0.7879875,
          1
        ]
      },
      {
        "date" : 728600254.826378,
        "title" : "Untitled",
        "transform" : [
          0.8728702,
          1.4839328e-05,
          0.48795238,
          0,
          0.0890496,
          0.9832017,
          -0.15932585,
          0,
          -0.4797579,
          0.18252276,
          0.85820615,
          0,
          0.27651,
          1.9117628,
          -0.46222568,
          1
        ]
      },
      {
        "date" : 728600252.426994,
        "title" : "Untitled",
        "transform" : [
          0.8728702,
          1.4839328e-05,
          0.48795238,
          0,
          0.0890496,
          0.9832017,
          -0.15932585,
          0,
          -0.4797579,
          0.18252276,
          0.85820615,
          0,
          0.31977463,
          2.0762553,
          -0.47302365,
          1
        ]
      },
      {
        "date" : 728600249.444902,
        "title" : "Untitled",
        "transform" : [
          0.8728702,
          1.4839328e-05,
          0.48795238,
          0,
          0.0890496,
          0.9832017,
          -0.15932585,
          0,
          -0.4797579,
          0.18252276,
          0.85820615,
          0,
          -0.7151747,
          1.0513268,
          -0.8336035,
          1
        ]
      },
      {
        "date" : 728600246.60996,
        "title" : "Untitled",
        "transform" : [
          0.9854433,
          1.4833938e-05,
          -0.17000437,
          0,
          -0.078905895,
          0.8858018,
          -0.4573062,
          0,
          0.15058343,
          0.46406367,
          0.8729086,
          0,
          0.77331376,
          1.7732564,
          -0.048725843,
          1
        ]
      },
      {
        "date" : 728600242.743358,
        "title" : "Untitled",
        "transform" : [
          0.9854433,
          1.4833938e-05,
          -0.17000437,
          0,
          -0.078905895,
          0.8858018,
          -0.4573062,
          0,
          0.15058343,
          0.46406367,
          0.8729086,
          0,
          1.6087005,
          2.381199,
          -0.5160365,
          1
        ]
      },
      {
        "date" : 728600235.993742,
        "title" : "Untitled",
        "transform" : [
          0.9854433,
          1.4833938e-05,
          -0.17000437,
          0,
          -0.078905895,
          0.8858018,
          -0.4573062,
          0,
          0.15058343,
          0.46406367,
          0.8729086,
          0,
          0.5198249,
          2.5439248,
          -0.41470766,
          1
        ]
      }
    ],
    "FD5AE2BF-070C-4F03-A153-F8B62A1B75EE" : [
      {
        "date" : 728601839.296282,
        "title" : "Untitled",
        "transform" : [
          0.99999994,
          0,
          -0,
          0,
          -0,
          0.8660254,
          -0.49999988,
          0,
          0,
          0.49999988,
          0.8660254,
          0,
          0,
          0.0837495,
          0.16364533,
          1
        ]
      },
      {
        "date" : 728601833.176975,
        "title" : "Untitled",
        "transform" : [
          0.99999994,
          0,
          -0,
          0,
          -0,
          0.8660254,
          -0.49999988,
          0,
          0,
          0.49999988,
          0.8660254,
          0,
          0,
          0.17299938,
          0.29964375,
          1
        ]
      }
    ]
  },
  "selectedSceneRelativePath" : "ImmersiveScene.usda"
}