{
  "advancedEditorSelectedIdentifier" : "ProjectBrowser",
  "openSceneRelativePaths" : [
    "Scene.usda",
    "Untitled Scene.usda",
    "ImmersiveView.usda"
  ],
  "recentIdentifiers" : {

  },
  "sceneCameraHistory" : {
    "2ECE42D2-04FF-489A-BCEC-E28DEE6733DE" : [
      {
        "date" : 728602811.519109,
        "title" : "Untitled",
        "transform" : [
          0.99999994,
          0,
          -0,
          0,
          -0,
          0.8660254,
          -0.49999988,
          0,
          0,
          0.49999988,
          0.8660254,
          0,
          0,
          0.17299938,
          0.29964375,
          1
        ]
      }
    ],
    "45B08E63-289F-4193-A0AA-92A8C98FA247" : [
      {
        "date" : 728602806.22351,
        "title" : "Untitled",
        "transform" : [
          0.99999994,
          0,
          -0,
          0,
          -0,
          0.8660254,
          -0.49999988,
          0,
          0,
          0.49999988,
          0.8660254,
          0,
          0,
          0.17299938,
          0.29964375,
          1
        ]
      }
    ],
    "D89343F4-E7B4-41BD-A3DC-857CCF8E21AD" : [
      {
        "date" : 728602956.604738,
        "title" : "Untitled",
        "transform" : [
          0.99186736,
          -1.3815439e-10,
          0.12727575,
          0,
          0.06709141,
          0.84978205,
          -0.5228473,
          0,
          -0.10815663,
          0.52713424,
          0.84287107,
          0,
          0.7732656,
          2.833748,
          1.8238279,
          1
        ]
      },
      {
        "date" : 728602947.377092,
        "title" : "Untitled",
        "transform" : [
          0.99186736,
          -1.3815439e-10,
          0.12727575,
          0,
          0.06709141,
          0.84978205,
          -0.5228473,
          0,
          -0.10815663,
          0.52713424,
          0.84287107,
          0,
          -0.048606753,
          3.8675857,
          1.0718006,
          1
        ]
      },
      {
        "date" : 728602942.489173,
        "title" : "Untitled",
        "transform" : [
          0.99186736,
          -1.3815439e-10,
          0.12727575,
          0,
          0.06709141,
          0.84978205,
          -0.5228473,
          0,
          -0.10815663,
          0.52713424,
          0.84287107,
          0,
          0.0119662285,
          2.7679806,
          1.7672702,
          1
        ]
      },
      {
        "date" : 728602933.186826,
        "title" : "Untitled",
        "transform" : [
          0.99999994,
          0,
          0,
          0,
          0,
          0.8660254,
          -0.49999988,
          0,
          0,
          0.49999988,
          0.8660254,
          0,
          0.39457178,
          3.989839,
          1.1326325,
          1
        ]
      },
      {
        "date" : 728602897.687677,
        "title" : "Untitled",
        "transform" : [
          0.99999994,
          0,
          -0,
          0,
          -0,
          0.8660254,
          -0.49999988,
          0,
          0,
          0.49999988,
          0.8660254,
          0,
          0.49999997,
          3.1218438,
          1.6337698,
          1
        ]
      },
      {
        "date" : 728602865.70377,
        "title" : "Untitled",
        "transform" : [
          0.99999994,
          0,
          -0,
          0,
          -0,
          0.8660254,
          -0.49999988,
          0,
          0,
          0.49999988,
          0.8660254,
          0,
          0.49999997,
          2.284349,
          0.34731686,
          1
        ]
      },
      {
        "date" : 728602838.786621,
        "title" : "Untitled",
        "transform" : [
          0.99999994,
          0,
          -0,
          0,
          -0,
          0.8660254,
          -0.49999988,
          0,
          0,
          0.49999988,
          0.8660254,
          0,
          0,
          0.17299938,
          0.29964375,
          1
        ]
      }
    ]
  },
  "selectedSceneRelativePath" : "ImmersiveView.usda"
}